May
1
2
3
4
5
6
7
8
9
10
11
12
13
14
15
16
17
18
19
20
21
22
23
24
25
26
27
28
29
30
31
Max	Avg	Min
59	51	43
69	53	36
72	57	42
65	57	48
72	59	46
62	57	51
69	57	45
73	58	42
68	59	49
64	56	47
64	54	44
73	60	47
83	64	45
79	64	49
71	61	50
65	58	51
69	60	51
70	57	43
68	59	49
68	58	48
73	58	42
81	63	45
69	60	51
72	63	53
65	60	54
67	55	42
76	59	41
74	59	44
66	57	47
65	51	37
62	54	45
Max	Avg	Min
47	44	41
54	44	36
53	48	43
54	48	45
57	52	46
55	51	46
56	51	45
58	49	42
54	50	46
51	46	41
50	47	42
60	52	47
63	53	47
63	52	48
55	50	47
53	50	48
56	50	47
54	50	43
55	52	48
52	49	45
53	48	42
61	53	45
56	52	49
58	53	49
55	51	43
49	45	42
56	47	41
53	49	43
48	44	41
43	41	37
50	44	41
Max	Avg	Min
100	-	62
100	-	47
100	-	50
93	-	63
100	-	57
100	-	72
100	-	63
100	-	44
100	-	48
100	-	52
93	-	60
100	-	61
100	-	42
100	-	54
93	-	57
96	-	60
89	-	58
100	-	55
100	-	63
96	-	53
100	-	38
100	-	39
100	-	63
93	-	63
100	-	56
100	-	45
100	-	41
100	-	46
100	-	46
100	-	43
100	-	51
Max	Avg	Min
14	-	0
12	-	0
20	-	0
9	-	0
10	-	0
16	-	0
7	-	0
26	-	0
16	-	0
18	-	0
15	-	0
13	-	0
10	-	0
15	-	0
20	-	0
10	-	0
10	-	0
14	-	0
8	-	0
10	-	0
14	-	0
13	-	0
18	-	7
10	-	0
16	-	0
12	-	0
17	-	0
16	-	0
18	-	4
22	-	0
15	-	0
Max	Avg	Min
30.17	-	30.06
30.14	-	30.03
30.29	-	30.08
30.31	-	30.18
30.2	-	29.94
30.18	-	29.94
30.25	-	30.13
30.14	-	29.98
30.14	-	30.04
30.25	-	30.13
30.29	-	30.16
30.15	-	29.9
29.95	-	29.85
30	-	29.84
30.08	-	29.94
30.12	-	30.04
30.13	-	30.01
30.07	-	29.98
30.05	-	29.94
30.09	-	29.99
30.08	-	29.92
29.94	-	29.76
30.02	-	29.81
30.06	-	29.99
30.13	-	30
30.23	-	30.14
30.27	-	30.13
30.26	-	30.11
30.15	-	30.03
30.06	-	29.84
30.13	-	29.9
Max	Avg	Min
-	0.00	-
-	0.00	-
-	0.00	-
-	0.00	-
-	0.00	-
-	0.13	-
-	0.00	-
-	0.06	-
-	0.01	-
-	0.06	-
-	0.00	-
-	0.00	-
-	0.00	-
-	0.00	-
-	0.00	-
-	0.00	-
-	0.00	-
-	0.00	-
-	0.00	-
-	0.00	-
-	0.00	-
-	0.00	-
-	0.00	-
-	0.00	-
-	0.00	-
-	0.00	-
-	0.00	-
-	0.00	-
-	0.00	-
-	0.00	-
-	0.04	-